date,path,title,count,uniques
2022-03-22,/schorschinho/LCModel,GitHub - schorschinho/LCModel: A collection of compiled LCModel binaries for ...,7,3
2022-03-22,/schorschinho/LCModel/tree/main/source,LCModel/source at main · schorschinho/LCModel · GitHub,2,1
2022-03-22,/schorschinho/lcmodel,GitHub - schorschinho/LCModel: A collection of compiled LCModel binaries for ...,1,1
2022-03-22,/schorschinho/LCModel/blob/main/binaries/win/win10/LCModel.exe.zip,LCModel/LCModel.exe.zip at main · schorschinho/LCModel · GitHub,1,1
2022-03-22,/schorschinho/LCModel/commit/63dccb1be13c5ea4ee2df20db1b4a06c651355e2,"Add source code, test data, Win10 binary, readme, and license. · schorschinho...",1,1
2022-03-22,/schorschinho/LCModel/tree/main/test_lcm,LCModel/test_lcm at main · schorschinho/LCModel · GitHub,1,1
2022-03-22,/schorschinho/nifti-mrs-matlab,schorschinho/nifti-mrs-matlab: A minimal example demonstrating the import of ...,2,2
2022-03-22,/schorschinho/nifti-mrs-matlab/blob/main/README.md,nifti-mrs-matlab/README.md at main · schorschinho/nifti-mrs-matlab,2,1
2022-03-22,/schorschinho/nifti-mrs-matlab/tree/590aadf5482c59f69b8c5247045d7786a222b0a1,schorschinho/nifti-mrs-matlab at 590aadf5482c59f69b8c5247045d7786a222b0a1,2,1
2022-03-22,/schorschinho/nifti-mrs-matlab/tree/590aadf5482c59f69b8c5247045d7786a222b0a1/README_images,nifti-mrs-matlab/README_images at 590aadf5482c59f69b8c5247045d7786a222b0a1 · ...,1,1
2022-03-22,/schorschinho/nifti-mrs-matlab/tree/main/README_images,nifti-mrs-matlab/README_images at main · schorschinho/nifti-mrs-matlab,1,1
2022-03-22,/schorschinho/osprey,schorschinho/osprey: All-in-one toolbox for processing of magnetic resonance ...,166,72
2022-03-22,/schorschinho/osprey/search,Search · LCModel cal · GitHub,19,2
2022-03-22,/schorschinho/osprey/issues,Issues · schorschinho/osprey · GitHub,17,3
2022-03-22,/schorschinho/osprey/branches,Branches · schorschinho/osprey · GitHub,7,3
2022-03-22,/schorschinho/osprey/tree/develop/overview,osprey/overview at develop · schorschinho/osprey · GitHub,6,2
2022-03-22,/schorschinho/osprey/issues/360,Question: Is this an error? · Issue #360 · schorschinho/osprey,5,3
2022-03-22,/schorschinho/osprey/releases,Releases · schorschinho/osprey · GitHub,5,3
2022-03-22,/schorschinho/osprey/tree/develop/fit,osprey/fit at develop · schorschinho/osprey · GitHub,5,3
2022-03-22,/schorschinho/osprey/issues/357,[FEATURE REQUEST] BIDS Style Derivative Outputs · Issue #357 · schorschinho/o...,5,2
2022-03-22,/schorschinho/osprey/find/develop,File Finder · GitHub,4,3
2022-03-22,/schorschinho/osprey-dw-workshop/blob/6a21ec14b7f8f1e6bb14fdae9c2a7c199f41d7ad/spm12/README.txt,osprey-dw-workshop/README.txt at 6a21ec14b7f8f1e6bb14fdae9c2a7c199f41d7ad · s...,1,1
2022-03-22,/schorschinho/osprey-dw-workshop/blob/6a21ec14b7f8f1e6bb14fdae9c2a7c199f41d7ad/spm12/toolbox/spectral/spm_dtf2gew.m,osprey-dw-workshop/spm_dtf2gew.m at 6a21ec14b7f8f1e6bb14fdae9c2a7c199f41d7ad ...,1,1
2022-03-22,/schorschinho/osprey-dw-workshop/blob/a03f47d78791a9b95e98497898eb3aad409f16cb/osprey-dwmrs/gui/osp_iniQuantifyWindow.m,osprey-dw-workshop/osp_iniQuantifyWindow.m at a03f47d78791a9b95e98497898eb3aa...,1,1
2022-03-22,/schorschinho/osprey-dw-workshop/tree/6a21ec14b7f8f1e6bb14fdae9c2a7c199f41d7ad/spm12,osprey-dw-workshop/spm12 at 6a21ec14b7f8f1e6bb14fdae9c2a7c199f41d7ad · schors...,1,1
2022-03-22,/schorschinho/osprey-dw-workshop/tree/6a21ec14b7f8f1e6bb14fdae9c2a7c199f41d7ad/spm12/toolbox,osprey-dw-workshop/spm12/toolbox at 6a21ec14b7f8f1e6bb14fdae9c2a7c199f41d7ad ...,1,1
2022-03-22,/schorschinho/osprey-dw-workshop/tree/6a21ec14b7f8f1e6bb14fdae9c2a7c199f41d7ad/spm12/toolbox/spectral,osprey-dw-workshop/spm12/toolbox/spectral at 6a21ec14b7f8f1e6bb14fdae9c2a7c19...,1,1
