date,path,title,count,uniques
2023-06-14,/schorschinho/github-stats-osprey,schorschinho/github-stats-osprey,1,1
2023-06-14,/schorschinho/LCModel,schorschinho/LCModel: A collection of compiled LCModel binaries for various o...,55,33
2023-06-14,/schorschinho/LCModel/tree/main/binaries,LCModel/binaries at main · schorschinho/LCModel · GitHub,9,5
2023-06-14,/schorschinho/LCModel/blob/main/binaries/win/win10/LCModel.exe.zip,LCModel/LCModel.exe.zip at main · schorschinho/LCModel · GitHub,8,7
2023-06-14,/schorschinho/LCModel/blob/main/binaries/linux/lcmodel.xz,LCModel/lcmodel.xz at main · schorschinho/LCModel · GitHub,5,4
2023-06-14,/schorschinho/LCModel/tree/main/binaries/macos,LCModel/binaries/macos at main · schorschinho/LCModel · GitHub,3,3
2023-06-14,/schorschinho/LCModel/blob/main/binaries/macos/catalina/intel/lcmodel.zip,LCModel/lcmodel.zip at main · schorschinho/LCModel · GitHub,3,2
2023-06-14,/schorschinho/LCModel/tree/main/binaries/linux,LCModel/binaries/linux at main · schorschinho/LCModel · GitHub,2,2
2023-06-14,/schorschinho/LCModel/tree/main/binaries/win/win10,LCModel/binaries/win/win10 at main · schorschinho/LCModel · GitHub,2,2
2023-06-14,/schorschinho/LCModel/tree/main/source,GitHub - schorschinho/LCModel: A collection of compiled LCModel binaries for ...,2,1
2023-06-14,/schorschinho/LCModel/blob/main/Makefile,LCModel/Makefile at main · schorschinho/LCModel · GitHub,1,1
2023-06-14,/schorschinho/MRSDeIdentificationTools,GitHub - schorschinho/MRSDeIdentificationTools: Tools to remove protected hea...,4,4
2023-06-14,/schorschinho/MRSDeIdentificationTools/blob/master/README.md,MRSDeIdentificationTools/README.md at master · schorschinho/MRSDeIdentificati...,1,1
2023-06-14,/schorschinho/multi-language-mrs-processing/blob/main/niimrs.m,multi-language-mrs-processing/niimrs.m at main · schorschinho/multi-language-...,9,4
2023-06-14,/schorschinho/multi-language-mrs-processing,GitHub - schorschinho/multi-language-mrs-processing: This project aims to cre...,4,4
2023-06-14,/schorschinho/multi-language-mrs-processing/tree/main/data,multi-language-mrs-processing/data at main · schorschinho/multi-language-mrs-...,2,1
2023-06-14,/schorschinho/multi-language-mrs-processing/tree/main/dicm2nii,multi-language-mrs-processing/dicm2nii at main · schorschinho/multi-language-...,1,1
2023-06-14,/schorschinho/nifti-mrs-matlab,schorschinho/nifti-mrs-matlab: A minimal example demonstrating the import of ...,4,4
2023-06-14,/schorschinho/nifti-mrs-matlab/blob/main/matlab.sty,nifti-mrs-matlab/matlab.sty at main · schorschinho/nifti-mrs-matlab · GitHub,1,1
2023-06-14,/schorschinho/nifti-mrs-matlab/tree/main/README_images,nifti-mrs-matlab/README_images at main · schorschinho/nifti-mrs-matlab · GitHub,1,1
2023-06-14,/schorschinho/osprey,schorschinho/osprey: All-in-one toolbox for processing of magnetic resonance ...,204,104
2023-06-14,/schorschinho/osprey/releases,Releases · schorschinho/osprey · GitHub,22,11
2023-06-14,/schorschinho/osprey/releases/tag/v.2.5.0,Release Osprey v2.5.0 · schorschinho/osprey · GitHub,17,9
2023-06-14,/schorschinho/osprey/tree/develop/libraries,osprey/libraries at develop · schorschinho/osprey · GitHub,12,5
2023-06-14,/schorschinho/osprey/issues,Issues · schorschinho/osprey · GitHub,11,7
2023-06-14,/schorschinho/osprey/tree/develop/fit/basissets/3T/siemens,osprey/fit/basissets/3T/siemens at develop · schorschinho/osprey · GitHub,9,2
2023-06-14,/schorschinho/osprey/tree/develop/utilities,osprey/utilities at develop · schorschinho/osprey · GitHub,8,4
2023-06-14,/schorschinho/osprey/tree/develop/load/dicom_load_tools,osprey/load/dicom_load_tools at develop · schorschinho/osprey · GitHub,8,1
2023-06-14,/schorschinho/osprey/tree/develop/seg,osprey/seg at develop · schorschinho/osprey · GitHub,7,5
2023-06-14,/schorschinho/osprey/tree/develop/exampledata,osprey/exampledata at develop · schorschinho/osprey · GitHub,7,4
