repository_name,date,views,unique_visitors/cloners
github-stats-osprey,2023-01-02,1,1
LCModel,2023-01-02,1,1
LCModel,2023-01-04,2,2
LCModel,2023-01-06,4,1
LCModel,2023-01-07,5,3
LCModel,2023-01-09,5,1
LCModel,2023-01-10,11,2
LCModel,2023-01-12,3,2
LCModel,2023-01-13,10,5
LCModel,2023-01-15,3,1
nifti-mrs-matlab,2023-01-06,1,1
nifti-mrs-matlab,2023-01-10,5,3
nifti-mrs-matlab,2023-01-11,1,1
nifti-mrs-matlab,2023-01-12,1,1
nifti-mrs-matlab,2023-01-13,1,1
osprey,2023-01-02,6,3
osprey,2023-01-03,37,16
osprey,2023-01-04,59,11
osprey,2023-01-05,18,9
osprey,2023-01-06,61,9
osprey,2023-01-07,1,1
osprey,2023-01-08,5,4
osprey,2023-01-09,30,14
osprey,2023-01-10,63,15
osprey,2023-01-11,50,10
osprey,2023-01-12,30,10
osprey,2023-01-13,28,12
osprey,2023-01-14,3,2
osprey,2023-01-15,6,3
osprey,2023-01-16,4,3
