date,path,title,count,uniques
2023-01-26,/schorschinho/LCModel,schorschinho/LCModel: A collection of compiled LCModel binaries for various o...,55,32
2023-01-26,/schorschinho/LCModel/blob/main/binaries/win/win10/LCModel.exe.zip,LCModel/LCModel.exe.zip at main · schorschinho/LCModel · GitHub,12,8
2023-01-26,/schorschinho/LCModel/find/main,File Finder · GitHub,11,4
2023-01-26,/schorschinho/LCModel/blob/main/binaries/macos/monterey/m1/lcmodel.zip,LCModel/lcmodel.zip at main · schorschinho/LCModel · GitHub,7,2
2023-01-26,/schorschinho/LCModel/tree/main/binaries/macos/catalina/intel,LCModel/binaries/macos/catalina/intel at main · schorschinho/LCModel · GitHub,6,2
2023-01-26,/schorschinho/LCModel/tree/main/binaries/macos,LCModel/binaries/macos at main · schorschinho/LCModel · GitHub,5,3
2023-01-26,/schorschinho/LCModel/tree/main/binaries/macos/monterey/m1,LCModel/binaries/macos/monterey/m1 at main · schorschinho/LCModel · GitHub,5,2
2023-01-26,/schorschinho/LCModel/blob/main/binaries/macos/catalina/intel/LICENSE.md,LCModel/LICENSE.md at main · schorschinho/LCModel · GitHub,4,1
2023-01-26,/schorschinho/LCModel/blob/main/binaries/macos/catalina/intel/lcmodel.zip,LCModel/lcmodel.zip at main · schorschinho/LCModel,3,1
2023-01-26,/schorschinho/LCModel/tree/main,schorschinho/LCModel: A collection of compiled LCModel binaries for various o...,2,2
2023-01-26,/schorschinho/MRSDeIdentificationTools,GitHub - schorschinho/MRSDeIdentificationTools: Tools to remove protected hea...,2,2
2023-01-26,/schorschinho/MRSDeIdentificationTools/blob/master/GEDeIdentify.m,MRSDeIdentificationTools/GEDeIdentify.m at master · schorschinho/MRSDeIdentif...,1,1
2023-01-26,/schorschinho/MRSDeIdentificationTools/blob/master/write_xxx.m,MRSDeIdentificationTools/write_xxx.m at master · schorschinho/MRSDeIdentifica...,1,1
2023-01-26,/schorschinho/MRSDeIdentificationTools/commit/19e603bd4c8b8603318729ef2ecd3eeb034083d5,Add deidentification tools for GE P and Philips SDAT · schorschinho/MRSDeIden...,1,1
2023-01-26,/schorschinho/MRSDeIdentificationTools/commit/1cbcf0961e102730458307a12d1752fe8192c8ae,Remove old debugging if statement · schorschinho/MRSDeIdentificationTools@1cb...,1,1
2023-01-26,/schorschinho/nifti-mrs-matlab,schorschinho/nifti-mrs-matlab: A minimal example demonstrating the import of ...,5,5
2023-01-26,/schorschinho/osprey,schorschinho/osprey: All-in-one toolbox for processing of magnetic resonance ...,161,81
2023-01-26,/schorschinho/osprey/blob/develop/libraries/FID-A/inputOutput/io_writelcm.m,osprey/io_writelcm.m at develop · schorschinho/osprey · GitHub,12,2
2023-01-26,/schorschinho/osprey/tree/develop/exampledata,osprey/exampledata at develop · schorschinho/osprey · GitHub,8,4
2023-01-26,/schorschinho/osprey/tree/develop/load,osprey/load at develop · schorschinho/osprey · GitHub,8,4
2023-01-26,/schorschinho/osprey/issues,Issues · schorschinho/osprey · GitHub,8,3
2023-01-26,/schorschinho/osprey/blob/develop/README.md,osprey/README.md at develop · schorschinho/osprey · GitHub,6,6
2023-01-26,/schorschinho/osprey/tree/develop/job,osprey/job at develop · schorschinho/osprey · GitHub,6,5
2023-01-26,/schorschinho/osprey/tree/develop/libraries,osprey/libraries at develop · schorschinho/osprey · GitHub,6,4
2023-01-26,/schorschinho/osprey/branches,Branches · schorschinho/osprey,5,2
2023-01-26,/schorschinho/osprey/tree/develop/docs,osprey/docs at develop · schorschinho/osprey · GitHub,4,4
